$GNRMC,045616.00,A,5535.02278,N,03734.76510,E,0.080,,270526,,,A,V*17
$GNVTG,,T,,M,0.080,N,0.147,K,A*37
$GNGGA,045616.00,5535.02278,N,03734.76510,E,1,08,1.56,186.7,M,13.4,M,,*49
$GNGSA,A,3,31,,,,,,,,,,,,3.53,1.56,3.17,1*01
$GNGSA,A,3,79,78,81,88,,,,,,,,,3.53,1.56,3.17,2*08
$GNGSA,A,3,31,33,26,,,,,,,,,,3.53,1.56,3.17,3*07
$GPGSV,6,1,22,01,,,18,02,,,21,03,,,28,04,,,28,1*6D
$GPGSV,6,2,22,05,,,37,09,,,33,11,,,38,13,,,37,1*65
$GLGSV,2,1,07,71,18,008,18,72,13,059,18,78,49,174,37,79,64,295,27,1*73
$GLGSV,2,2,07,81,42,228,35,88,77,051,28,,,,21,1*73
$GAGSV,2,1,05,14,41,256,28,16,,,09,26,61,086,32,31,69,277,29,7*48
$GNGLL,5535.02278,N,03734.76510,E,045616.00,A,A*78
